PSF EXT

       1 !NTITLE
 REMARKS VMD-generated NAMD/X-Plor PSF structure file

      23 !NATOM
         1 PO1      1        ETH      C1       CC33A   -0.270000       12.0107           0
         2 PO1      1        ETH      H1A      HCA3     0.090000        1.0079           0
         3 PO1      1        ETH      H1B      HCA3     0.090000        1.0079           0
         4 PO1      1        ETH      H1C      HCA3     0.090000        1.0079           0
         5 PO1      1        ETH      C2       CC32A   -0.180000       12.0107           0
         6 PO1      1        ETH      H2A      HCA2     0.090000        1.0079           0
         7 PO1      1        ETH      H2B      HCA2     0.090000        1.0079           0
         8 PO1      1        ETH      C3       CC32A   -0.180000       12.0107           0
         9 PO1      1        ETH      H3A      HCA2     0.090000        1.0079           0
        10 PO1      1        ETH      H3B      HCA2     0.090000        1.0079           0
        11 PO1      1        ETH      C4       CC32A   -0.180000       12.0107           0
        12 PO1      1        ETH      H4A      HCA2     0.090000        1.0079           0
        13 PO1      1        ETH      H4B      HCA2     0.090000        1.0079           0
        14 PO1      1        ETH      C5       CC32A   -0.180000       12.0107           0
        15 PO1      1        ETH      H5A      HCA2     0.090000        1.0079           0
        16 PO1      1        ETH      H5B      HCA2     0.090000        1.0079           0
        17 PO1      1        ETH      C6       CC32A   -0.180000       12.0107           0
        18 PO1      1        ETH      H6A      HCA2     0.090000        1.0079           0
        19 PO1      1        ETH      H6B      HCA2     0.090000        1.0079           0
        20 PO1      1        ETH      C7       CC33A   -0.270000       12.0107           0
        21 PO1      1        ETH      H7A      HCA3     0.090000        1.0079           0
        22 PO1      1        ETH      H7B      HCA3     0.090000        1.0079           0
        23 PO1      1        ETH      H7C      HCA3     0.090000       12.0107           0
        
      22 !NBOND: bonds
         1         5         1         2         1         3         1         4
         5         8         5         6         5         7         8        11
         8         9         8        10        11        14        11        12
        11        13        14        17        14        15        14        16
        17        20        17        18        17        19        20        23
        20        21        20        22        
        
      42 !NTHETA: angles
         1         5         7         1         5         6         1         5         8
         2         1         4         2         1         3         2         1         5
         3         1         4         3         1         5         4         1         5
         5         8        10         5         8         9         5         8        11
         6         5         7         6         5         8         7         5         8
         8        11        13         8        11        12         8        11        14
         9         8        10         9         8        11        10         8        11
        11        14        16        11        14        15        11        14        17
        12        11        13        12        11        14        13        11        14
        14        17        19        14        17        18        14        17        20
        15        14        16        15        14        17        16        14        17
        17        20        22        17        20        21        17        20        23
        18        17        19        18        17        20        19        17        20
        21        20        22        21        20        23        22        20        23
        
      54 !NPHI: dihedrals
         1         5         8        11         1         5         8         9
         1         5         8        10         2         1         5         8
         2         1         5         6         2         1         5         7
         3         1         5         8         3         1         5         6
         3         1         5         7         4         1         5         8
         4         1         5         6         4         1         5         7
         5         8        11        14         5         8        11        12
         5         8        11        13         6         5         8        11
         6         5         8         9         6         5         8        10
         7         5         8        11         7         5         8         9
         7         5         8        10         8        11        14        17
         8        11        14        15         8        11        14        16
         9         8        11        14         9         8        11        12
         9         8        11        13        10         8        11        14
        10         8        11        12        10         8        11        13
        11        14        17        20        11        14        17        18
        11        14        17        19        12        11        14        17
        12        11        14        15        12        11        14        16
        13        11        14        17        13        11        14        15
        13        11        14        16        14        17        20        23
        14        17        20        21        14        17        20        22
        15        14        17        20        15        14        17        18
        15        14        17        19        16        14        17        20
        16        14        17        18        16        14        17        19
        18        17        20        23        18        17        20        21
        18        17        20        22	19        17        20        23      
        19        17        20        21        19        17        20        22        
        
       0 !NIMPHI: impropers


       0 !NDON: donors


       0 !NACC: acceptors


       0 !NNB

         0         0         0         0         0         0         0         0
         0         0         0         0         0         0         0         0
         0         0         0         0         0         0         0         0
         0         0         0         0         0         0         0         0
         0         0         0         0         0         0         0         0
         0         0         0         0         0         0         0         0
         0         0

       1       0 !NGRP
         0         0         0

